{"nbformat":4,"nbformat_minor":0,"metadata":{"colab":{"provenance":[],"authorship_tag":"ABX9TyP//ufwZxAJzsI1oE5C0d4E"},"kernelspec":{"name":"python3","display_name":"Python 3"},"language_info":{"name":"python"}},"cells":[{"cell_type":"markdown","source":["##WIA 1007 Tutorial 3\n","##Part 1-Google Colab and Python"],"metadata":{"id":"w9MgGsQKIRHu"}},{"cell_type":"code","source":["import numpy as np"],"metadata":{"id":"ed6MMnlnIeSf"},"execution_count":null,"outputs":[]},{"cell_type":"code","execution_count":null,"metadata":{"colab":{"base_uri":"https://localhost:8080/"},"id":"_B-mVTjgHs_K","executionInfo":{"status":"ok","timestamp":1761997828354,"user_tz":-480,"elapsed":20,"user":{"displayName":"25006697 student","userId":"16590987536566372853"}},"outputId":"51d3635b-f9bd-4310-cf45-7fcaeb62c843"},"outputs":[{"output_type":"stream","name":"stdout","text":["NumPy array of size 2 x 2:\n","[[1 2]\n"," [3 4]]\n"]}],"source":["#1. Create a numpy array of size 2 x 2\n","a = np.array([[1,2],[3,4]])\n","print(\"NumPy array of size 2 x 2:\")\n","print(a)"]},{"cell_type":"code","source":["#2. Create a random numpy array of size 3 x 4\n","b = np.random.random((3,4))\n","print(\"Random NumPy array of size 3 x 4:\")\n","print(b)"],"metadata":{"colab":{"base_uri":"https://localhost:8080/"},"id":"0AW4f35sJUSD","executionInfo":{"status":"ok","timestamp":1761997830004,"user_tz":-480,"elapsed":35,"user":{"displayName":"25006697 student","userId":"16590987536566372853"}},"outputId":"b8d85906-2628-4bd3-98f5-010dfb74dd85"},"execution_count":null,"outputs":[{"output_type":"stream","name":"stdout","text":["Random NumPy array of size 3 x 4:\n","[[0.40427346 0.81772429 0.54332482 0.85151761]\n"," [0.6621132  0.38329761 0.7241598  0.59343786]\n"," [0.84659372 0.27439599 0.17802832 0.68998322]]\n"]}]},{"cell_type":"code","source":["#3. Create a numpy array of ones and a numpy array of zeroes\n","c = np.ones((2,2))\n","d = np.zeros((2,2))\n","print(\"NumPy array of ones:\")\n","print(c)\n","print()\n","print(\"NumPy array of zeros:\")\n","print(d)"],"metadata":{"colab":{"base_uri":"https://localhost:8080/"},"id":"upu1ulb4JpSm","executionInfo":{"status":"ok","timestamp":1761997831095,"user_tz":-480,"elapsed":17,"user":{"displayName":"25006697 student","userId":"16590987536566372853"}},"outputId":"d667583f-7c02-4006-903c-366aa6d8eee0"},"execution_count":null,"outputs":[{"output_type":"stream","name":"stdout","text":["NumPy array of ones:\n","[[1. 1.]\n"," [1. 1.]]\n","\n","NumPy array of zeros:\n","[[0. 0.]\n"," [0. 0.]]\n"]}]},{"cell_type":"code","source":["#4. Create a random numpy array of size 6x3 and transpose it\n","e = np.random.random((6,3))\n","print (\"Random NumPy array of size 6 x 3:\")\n","print(e)\n","print()\n","print(\"Transposed NumPy array:\")\n","print(e.T)\n"],"metadata":{"colab":{"base_uri":"https://localhost:8080/"},"id":"00GPzPe9LU_X","executionInfo":{"status":"ok","timestamp":1761997832940,"user_tz":-480,"elapsed":59,"user":{"displayName":"25006697 student","userId":"16590987536566372853"}},"outputId":"18ea73c8-cace-4107-ebd1-9a4c495519b7"},"execution_count":null,"outputs":[{"output_type":"stream","name":"stdout","text":["Random NumPy array of size 6 x 3:\n","[[0.18574964 0.81307519 0.68210249]\n"," [0.47251668 0.00622065 0.07425304]\n"," [0.38390866 0.38150013 0.61987774]\n"," [0.51948657 0.16313847 0.95024868]\n"," [0.08270674 0.53207503 0.58108672]\n"," [0.27388092 0.66743766 0.65935069]]\n","\n","Transposed NumPy array:\n","[[0.18574964 0.47251668 0.38390866 0.51948657 0.08270674 0.27388092]\n"," [0.81307519 0.00622065 0.38150013 0.16313847 0.53207503 0.66743766]\n"," [0.68210249 0.07425304 0.61987774 0.95024868 0.58108672 0.65935069]]\n"]}]},{"cell_type":"code","source":["#5. Create two random numpy array of size n x p and p x m and then compute the dot product\n","n = 1\n","p = 2\n","m = 3\n","f = np.random.random((n, p))\n","g = np.random.random((p, m))\n","dot_product = np.dot(A, B)\n","\n","print(\"Matrix A (n x p):\")\n","print(f)\n","print()\n","print(\"Matrix B (p x m):\")\n","print(g)\n","print()\n","print(\"Dot Product (A · B):\")\n","print(dot_product)"],"metadata":{"colab":{"base_uri":"https://localhost:8080/"},"id":"LbVejO7oNUWw","executionInfo":{"status":"ok","timestamp":1761997859748,"user_tz":-480,"elapsed":18,"user":{"displayName":"25006697 student","userId":"16590987536566372853"}},"outputId":"c90e8bff-3d55-49dd-d623-bc5d21f1deb2"},"execution_count":null,"outputs":[{"output_type":"stream","name":"stdout","text":["Matrix A (n x p):\n","[[0.90694366 0.81291265]]\n","\n","Matrix B (p x m):\n","[[0.14459195 0.29220513 0.71849858]\n"," [0.31330343 0.98421192 0.24883996]]\n","\n","Dot Product (A · B):\n","[[0.98107703 0.95296236 0.60610317]]\n"]}]}]}